70
-8
-8
6
-9
-9
-9
7
-9
-8
6
-9
-9
7
-9
-9
-9
-8
-9
-9
-9
-9
-9
-9
-9
-9
-9
-9
-9
7
7
-9
-9
-9
147
100
53
22
7
69
23
-10
-9
-9
-9
-9
7
-9
-9
-10
-3
-2
-2
-2
-2
-2
-3
-3
-3
-2
-2
-2
-2
-2
-3
13
-3
-2
-2
-2
-2
-2
-3
-3
-3
-2
-2
-2
-2
-3
-3
13
-3
-2
13
-2
14
-3
-3
13
-3
-2
-2
-2
-2
-3
-3
-3
-3
-2
-2
-2
13
13
-3
-3
-3
-2
13
-2
-3
-3
13
13
-3
-2
-2
-2
-3
13
-3
-3
-3
-2
13
-2
-3
13
-3
-3
-3
-2
-2
-3
-3
-3
-3
13
-3
-2
-2
-3
-3
-3
-3
-3
-3
-2
13
-3
-3
-3
-3
-3
-3
-2
12
-3
-3
-3
-3
-3
-3
-3
-3
-3
-3
-3
-3
-3
-3
13
-3
-3
-3
13
13
-3
-3
-3
-3
12
-3
-3
-3
-3
-3
-4
12
-3
-3
-3
-3
-3
-3
-3
-3
-3
-3
-3
-3
-3
-4
-4
12
-3
13
-3
-3
-3
12
-3
-3
-3
-3
-3
-3
-4
-4
-4
-3
-3
-3
-3
-3
-4
12
-4
12
-3
-3
-3
-3
-4
-4
-4
-3
-3
-3
-3
-3
-4
-4
12
12
-3
12
-3
-4
-4
-4
28
-3
-3
-3
-3
-4
-4
-4
-4
-3
-3
-3
-3
-4
12
-4
-4
-3
-3
12
-4
-4
-4
-4
-4
-3
-3
-3
-4
-4
12
-4
-4
-3
-3
-3
-4
-4
-4
-4
-4
-3
-3
-4
-4
27
-4
-4
12
49
2
2
2
3
3
3
3
2
2
2
2
3
3
-13
2
2
2
2
2
3
3
3
2
96
33
2
2
3
18
2
3
3
3
2
2
-13
2
2
-13
3
2
2
2
2
2
2
3
3
2
2
2
2
2
2
3
3
2
2
2
2
2
2
-13
2
2
2
2
2
2
2
2
2
2
2
2
2
2
2
4
3
3
3
3
3
3
3
3
3
3
3
3
3
19
4
3
3
3
3
3
3
3
3
3
3
3
3
3
3
3
3
3
3
3
3
-12
3
3
2
3
3
3
3
3
3
35
2
3
3
3
3
3
3
2
2
3
3
3
3
3
3
3
3
-12
2
2
3
3
3
3
3
3
2
2
3
3
3
3
3
2
2
2
3
3
3
3
3
2
2
2
3
3
3
3
2
2
2
2
18
3
3
3
2
2
2
2
3
3
3
3
2
2
2
2
3
3
3
3
2
2
2
2
3
3
3
2
2
2
2
2
3
3
3
2
2
2
2
2
3
3
3
2
2
2
2
2
3
3
2
0
1
1
1
1
1
1
0
0
1
1
1
1
1
1
0
0
1
1
1
1
1
0
0
0
1
1
1
1
1
0
0
0
1
1
1
1
1
0
0
0
1
1
1
1
0
0
0
0
0
1
1
1
0
0
0
0
1
1
1
1
0
0
0
0
0
1
1
0
0
0
57
481
105
58
58
58
42
74
42
58
58
58
55
55
39
55
54
179
336
492
633
789
961
1117
1288
1460
69
7
7
7
7
7
7
7
7
7
54
7
7
7
7
7
6
7
7
7
-2178
-2333
-2332
-2332
-2298
-2309
-2212
-2220
-2313
-2315
-2299
-2289
-2309
-2208
-2342
-2266
-2317
-2330
-2344
-2312
-2346
-2230
-2317
-2306
-2203
-2288
-2328
-2311
-2344
-2342
-2330
-2351
-2235
-2332
-2325
-2342
-2343
-2320
-2238
-2321
-2311
-2327
-2339
-2323
-2226
-2316
-2329
-2343
-2308
-2334
-2213
-2342
-2261
-2315
-2271
-2337
-2305
-2312
-2343
-2322
-2343
-2214
-2348
-2342
-2335
-2314
-2326
-2319
-2324
-2342
-2336
-2344
-2346
-2335
-2331
-2260
-2334
-2312
-2305
-2345
-2333
-2217
-2311
-2268
-2227
-2303
-2318
-2340
-2220
-2300
-2249
-2263
-2344
-2323
-2324
-2337
-2303
-2329
-2343
-2211
590
2137
2184
2247
2278
2310
2324
2371
2387
2418
59
43
59
74
105
137
152
199
199
231
58
12
12
27
12
11
11
12
11
11
12
11
11
11
11
12
11
11
11
11
11
11
11
11
11
11
10
11
11
11
11
10
11
11
10
11
11
10
11
10
11
11
10
11
11
10
11
10
10
11
10
11
10
57
11
10
10
11
10
10
10
10
10
10
10
10
10
10
10
10
10
10
10
9
10
10
10
10
9
10
10
41
10
10
9
10
9
10
10
9
10
9
9
10
9
9
10
9
9
9
71
8
8
24
9
9
9
9
9
8
8
8
9
9
9
9
9
8
8
24
9
9
9
9
9
8
8
8
9
9
9
9
8
8
8
8
8
9
24
9
8
8
8
8
8
8
24
9
8
8
8
8
8
8
9
9
8
8
8
8
8
24
9
9
8
8
8
8
8
8
9
8
8
8
8
8
8
8
8
8
8
8
8
8
8
8
8
8
8
8
8
8
8
8
8
8
8
8
8
8
8
8
8
8
8
8
8
8
8
8
8
7
8
8
8
8
8
8
8
7
8
8
8
8
8
24
7
7
8
8
8
8
8
8
7
7
7
8
23
8
8
8
7
7
7
8
8
8
24
133
101
54
7
8
8
8
8
8
7
7
7
8
8
8
8
7
7
7
7
7
8
8
8
7
7
7
7
7
8
8
8
7
7
7
7
7
7
8
8
7
7
7
7
7
7
8
8
7
7
7
7
7
7
8
7
7
7
7
7
7
7
7
7
7
7
7
7
7
7
7
7
7
7
7
7
7
7
7
69
22
7
7
7
7
7
7
7
7
69
22
7
7
7
7
6
7
7
7
7
7
7
7
6
7
7
7
7
7
7
7
6
6
7
7
7
7
7
6
6
6
18
7
7
7
7
6
6
6
7
7
7
7
7
6
6
6
7
7
7
7
7
6
6
6
7
7
38
7
7
6
66
175
316
472
613
769
925
1065
1222
1378
1519
1675
1832
2003
2144
2300
2440
2596
2753
2910
3050
3206
3347
3597
3737
3878
4050
4207
4347
4503
4659
4862
5018
5190
5347
5503
5660
5800
5972
6112
6284
6424
6581
6753
6878
7034
7191
7347
7503
7659
7800
7957
8113
8237
8409
8566
8706
8862
9034
9190
9347
9503
9659
9800
9956
10096
10252
10409
10550
10691
10925
11081
11221
11378
11519
11691
11847
11987
12144
12300
12487
12612
12784
12925
13081
13238
13393
13550
13706
13846
14002
14174
14316
14472
14628
14784
14925
15081
15237
15377
15658
15800
15972
16128
16300
16440
16612
16768
16909
17050
17206
17346
17503
17659
17815
17971
18127
18284
18425
18581
18737
18878
19034
19206
19346
19488
19644
19800
19940
20096
20253
20377
20534
20690
20831
20987
21144
21300
21440
21596
21753
21893
22065
22221
22347
22503
22659
22799
22971
23127
23269
23425
23550
23706
23862
24002
24159
24315
24456
24612
24753
24909
25065
25205
25362
25533
25690
25831
25987
26143
26284
26440
26596
26753
26909
27065
27190
27346
27503
27658
27830
27971
28112
28268
28440
28581
28721
28877
29018
29190
29346
29471
29628
29768
29908
30065
30237
30378
30534
30690
30831
30987
31143
31283
31440
31596
31752
31909
32050
32206
32346
32518
32658
32814
32971
33112
33253
33409
33565
33705
33877
34018
34159
34331
34456
34706
34846
35002
35158
35315
35471
35659
35815
35971
36127
36284
36439
36580
36736
36862
37049
37206
37377
37533
37674
37861
37987
38143
38300
38440
38596
38752
38893
39018
39174
39330
39471
39628
39799
39924
40080
40237
40377
40517
40674
40815
40971
41127
41252
41408
41564
41736
41878
42049
42190
42346
42502
42642
42799
42955
43111
43252
43409
43565
43705
43861
44002
44158
44314
44455
44596
44752
44909
45049
45205
45361
45503
45643
45783
45940
46096
46236
46392
46549
46674
46831
46987
47127
47283
47408
47564
47720
47862
48018
48174
48330
48471
48627
48783
48923
49080
49221
49377
49533
49674
49830
49986
50112
50268
50424
50549
50705
50861
51018
51158
51314
51470
51612
51768
51924
52049
52205
52361
52517
52658
52798
52954
53096
53252
53424
53580
53705
53861
54017
54158
54377
54533
54674
54830
54986
55142
55298
55455
55596
55768
55908
56049
56205
56345
56502
56658
56799
56955
57096
57236
57361
57518
57674
57814
57970
58111
58314
58470
58611
58768
58924
59064
59220
59377
59501
59673
59799
59955
60111
60251
60423
60564
60705
60877
61033
61190
61314
61470
61627
61783
61939
62079
62221
62377
62533
62689
62814
62970
63126
63283
63423
63579
63735
63861
64017
64174
64314
64470
64611
64798
64939
65096
65236
65392
65533
65689
65829
65971
66127
66283
66408
66580
66736
66876
67032
67174
67314
67470
67627
67767
67923
68079
68205
68361
68533
68673
68845
69001
69126
69282
69439
69595
69736
69892
70049
70205
70345
70501
70658
70798
70954
71095
71252
71408
71564
71689
71845
72001
72142
72299
72439
72627
72751
72908
73080
73220
73360
73517
73658
73830
73970
74127
74267
74423
74595
74720
74876
75032
75173
75330
75486
75642
75798
75939
76095
76236
76408
76564
76689
76845
76985
77142
77298
77455
77611
77767
77923
78048
78220
78361
78501
78657
78813
78955
79111
79251
79392
79439
79580
79736
79876
80048
80204
80345
80502
80642
80782
80923
81079
81220
81376
81516
81673
81829
81970
82126
82267
82423
82548
82704
82876
83001
83157
83329
83470
83626
83783
83923
84063
84220
84376
84517
84658
84814
84970
85126
85267
85423
85595
85735
85891
86032
86173
86345
86501
86658
86798
86954
87110
87251
87438
87594
87735
87892
88048
88188
88345
88501
88657
88814
88955
89126
89283
89423
89564
89720
89876
90016
90157
90298
90454
90595
90767
90891
91048
91220
91344
91516
91657
91813
91954
92126
92266
92423
92610
92751
92892
93048
93188
93345
93485
93642
93782
93923
94079
94236
94376
94516
94688
94845
94986
95142
95298
95438
95595
95751
95907
96032
96188
96344
96501
96657
96798
96954
97095
97251
97407
97547
97704
97860
98016
98157
98314
98470
98626
98766
98923
99079
99235
99375
99532
99688
99813
99985
100141
100282
100438
100579
100720
100876
101048
101204
101344
101485
101641
101782
101938
102094
102250
102376
102532
102688
102845
102985
103141
103297
103454
103594
103766
103906
104048
104219
104360
104500
104641
104813
104954
105095
105251
105407
105548
105704
105860
106016
106156
106313
106438
106610
106767
106923
107063
107219
107375
107532
107672
107828
108000
108141
108298
108454
108594
108750
108907
109063
109204
109345
109501
109657
109797
109954
110094
110235
110391
110547
110782
110954
111110
111251
111391
111657
111813
111953
112141
112281
112437
112579
112735
112891
113047
113188
113344
113500
113672
113798
113970
114110
114266
114422
114579
114719
114875
115001
115173
115329
115485
115625
115766
115922
116078
116219
116359
116515
116657
116813
116985
117110
117281
117407
117563
117719
117876
118016
118172
118313
118469
118594
118750
118906
119062
119204
119344
119501
119641
119781
119938
120078
120219
120375
120531
120687
120782
120938
121094
121219
121375
121547
121703
121828
121984
122140
122297
122454
122610
122750
122922
123047
123203
123375
123516
123672
123828
123984
124110
124266
124406
124547
124703
124859
125016
125157
125313
125469
125626
125766
125922
126063
126219
126359
126515
126657
126813
126969
127110
127250
127406
127562
127703
127859
128015
128171
128328
128469
128625
128765
128922
129063
129219
129375
129500
129656
129813
129953
130109
130250
130406
130547
130688
130844
131000
131157
131312
131453
131625
131750
131906
132062
132218
132344
132500
132656
132812
132968
133094
133266
133407
133563
133719
133875
134031
134187
134312
134468
134625
134766
134922
135094
135250
135390
135547
135703
135859
135999
136156
136312
136453
136609
136766
136922
137062
137218
137375
137531
137672
137828
137985
138141
138281
138422
138578
138718
138875
139046
139187
139328
139484
139641
139781
139937
140093
140250
140406
140562
140718
140859
141016
141172
141312
141468
141640
141796
141938
142078
142250
142438
142578
142734
142875
143031
143171
143343
143484
143640
143781
143937
144094
144250
144390
144546
144703
144859
144999
145155
145296
145468
145609
145765
145922
146218
146390
146546
146703
146844
147000
147156
147313
147453
147609
147765
147922
148062
148218
148374
148515
148672
148828
148984
149124
149281
149437
149578
149718
149874
150030
150202
150343
150500
150656
150812
150952
151093
151249
151406
151578
151734
151891
54
7
7
7
7
7
8
7
7
7
7
39
7
7
7
7
7
6
7
7
7
7
6
7
7
6
7
7
6
7
6
7
7
6
7
6
6
7
6
6
7
6
7
6
6
7
6
6
6
6
6
6
6
6
6
6
6
6
6
6
6
5
6
6
6
6
6
6
6
5
6
6
5
6
6
5
6
5
6
6
5
6
5
5
6
5
5
6
5
5
5
5
6
5
5
5
5
5
5
5
52
51
67
51
51
51
51
50
50
49
3
49
2
48
1
38420089
38420620
38421136
38421683
38422198
38422745
38423261
38423854
42070503
42072457
42072691
42072925
42073144
42073363
42073613
42074222
42074800
42075410
42076019
42076613
42077206
42077816
42078425
42079034
42079628
42080222
42080831
42081425
42082034
42082628
42083237
42083847
42084441
42085034
42085628
42086237
42086831
42087441
42088034
42088644
42089237
42089847
42090440
42091034
42091644
42092253
42092847
42093456
42094050
42094659
42095253
42095862
42096456
42097050
42097659
42098253
42098862
42099456
42100065
42100675
42101268
42101862
42102456
42103065
42103659
42104268
42104862
42105471
42106065
42106674
42107268
42107877
42108471
42109080
42109674
42110268
42110893
42111487
42112096
42112690
42113299
42113893
42114502
42115096
42115705
42116299
42116893
42117502
42118096
42118705
42119299
42119908
42120502
42121096
42121705
42122299
42122908
42123502
42124111
42124705
42125314
42125971
42126502
42127111
42127721
42128314
42128908
42129517
42597877
42598361
42598970
42600158
42600970
42602548
42603158
42604345
42605548
42605986
42607408
42608017
42609236
42610486
42611079
42612298
42613517
42614110
42615314
42616517
42617110
42618313
42618970
42620141
42621345
42622548
42623141
42624360
42625548
42626141
42627360
42628563
42629157
42630360
42630969
42632172
42633391
42633985
42635188
42636391
42637000
42638188
42639406
42640000
42641203
42642406
42643000
42644203
42645406
42646016
42647204
42648406
42649015
42650219
42651406
42652015
42653218
42653968
42655015
42656234
42657437
42659749
42661390
42663546
42665140
42667749
42669390
42671546
42673155
42675749
42677389
42679561
42681155
42683764
42685405
42686998
42689186
42691795
42693420
42695029
42697186
42699795
42701435
42703045
42705201
42707795
42709451
42711044
42713216
42715810
42717451
42719044
42721216
42723825
42725450
42727060
42729216
42731809
42733450
42735059
42737215
42739809
42741450
42743059
42745215
42746981
42748012
42750012
42752621
42754277
42756434
42758746
42760543
42762746
42764543
42766746
42768558
42770761
42772011
42774792
42776027
42778792
42780042
42782792
42784042
42786807
42788057
42790823
42792057
42794823
42796057
42798807
42800057
42801979
42803026
42805276
42807744
42809744
42811760
42813760
42815791
42817806
42819791
42821806
42823822
42825806
42827822
42829009
42830275
42832743
42834759
42836790
42838806
42840806
42841977
42843743
42845790
42847821
42848758
42850758
42851758
42951411
42964817
43019127
43071922
43251197
43260884
43278259
43284274
43311320
43318351
43324288
43334304
43341319
